0 1
0 3
0 5
0 6
0 7
0 10
0 12
0 14
0 15
0 16
0 17
0 22
0 23
0 24
0 25
0 27
0 28
0 29
0 30
0 32
0 34
0 35
0 36
0 40
0 46
0 48
0 50
0 51
0 52
0 54
0 55
0 64
0 67
0 68
0 70
0 72
0 73
1 0
1 1
1 3
1 6
1 9
1 10
1 12
1 14
1 17
1 18
1 21
1 22
1 23
1 27
1 28
1 33
1 34
1 37
1 38
1 40
1 42
1 43
1 45
1 48
1 51
1 53
1 55
1 58
1 59
1 62
1 63
1 64
1 66
1 70
1 71
1 72
1 73
1 74
2 1
2 4
2 6
2 8
2 9
2 10
2 11
2 13
2 14
2 16
2 17
2 18
2 20
2 21
2 23
2 24
2 28
2 34
2 36
2 37
2 39
2 43
2 45
2 47
2 48
2 50
2 51
2 52
2 53
2 54
2 56
2 57
2 59
2 61
2 62
2 66
2 67
2 69
2 72
3 0
3 1
3 3
3 4
3 5
3 6
3 8
3 10
3 13
3 14
3 15
3 16
3 17
3 19
3 20
3 23
3 24
3 25
3 29
3 30
3 31
3 33
3 34
3 36
3 38
3 39
3 41
3 44
3 45
3 47
3 50
3 51
3 52
3 55
3 56
3 59
3 60
3 64
3 68
3 70
3 72
3 73
4 0
4 1
4 5
4 8
4 11
4 13
4 18
4 19
4 22
4 24
4 28
4 29
4 31
4 33
4 35
4 39
4 40
4 41
4 42
4 43
4 44
4 45
4 46
4 47
4 50
4 52
4 53
4 54
4 55
4 56
4 58
4 59
4 61
4 63
4 64
4 66
4 67
4 70
4 74
5 0
5 4
5 8
5 13
5 14
5 20
5 22
5 25
5 26
5 27
5 28
5 30
5 32
5 35
5 40
5 41
5 42
5 45
5 47
5 49
5 51
5 54
5 59
5 60
5 61
5 64
5 65
5 66
5 67
5 68
5 69
5 70
5 71
5 72
6 1
6 2
6 3
6 5
6 8
6 9
6 10
6 12
6 15
6 17
6 18
6 19
6 23
6 24
6 26
6 33
6 37
6 39
6 41
6 45
6 47
6 48
6 49
6 50
6 51
6 52
6 53
6 55
6 56
6 59
6 63
6 67
6 69
6 71
6 72
6 74
7 0
7 2
7 3
7 4
7 7
7 8
7 11
7 12
7 14
7 16
7 18
7 19
7 20
7 22
7 24
7 26
7 30
7 31
7 34
7 36
7 37
7 38
7 39
7 42
7 44
7 47
7 51
7 53
7 54
7 57
7 58
7 59
7 60
7 61
7 63
7 67
7 68
7 69
7 71
7 72
7 73
8 0
8 3
8 4
8 9
8 10
8 13
8 14
8 16
8 22
8 25
8 27
8 28
8 29
8 32
8 35
8 37
8 38
8 39
8 41
8 42
8 44
8 45
8 46
8 47
8 49
8 51
8 54
8 56
8 59
8 61
8 62
8 63
8 73
9 0
9 1
9 2
9 4
9 8
9 10
9 11
9 12
9 13
9 14
9 18
9 21
9 26
9 27
9 28
9 29
9 30
9 31
9 35
9 37
9 41
9 42
9 43
9 45
9 50
9 52
9 53
9 55
9 57
9 58
9 59
9 60
9 61
9 63
9 67
9 69
9 70
9 71
10 0
10 1
10 3
10 4
10 6
10 7
10 8
10 10
10 11
10 14
10 17
10 20
10 21
10 22
10 23
10 24
10 28
10 29
10 33
10 35
10 37
10 38
10 39
10 40
10 41
10 44
10 45
10 50
10 52
10 54
10 59
10 60
10 62
10 64
10 65
10 68
10 70
10 73
10 74
11 0
11 1
11 2
11 3
11 5
11 7
11 8
11 11
11 12
11 13
11 14
11 15
11 17
11 18
11 26
11 31
11 34
11 35
11 38
11 40
11 52
11 53
11 54
11 58
11 61
11 63
11 66
11 71
11 72
11 73
12 5
12 6
12 7
12 8
12 14
12 17
12 18
12 21
12 24
12 25
12 27
12 28
12 29
12 30
12 32
12 37
12 38
12 39
12 41
12 42
12 44
12 46
12 48
12 49
12 52
12 53
12 58
12 59
12 60
12 65
12 67
12 69
12 71
12 72
12 74
13 1
13 2
13 3
13 4
13 7
13 10
13 12
13 13
13 15
13 19
13 22
13 25
13 27
13 28
13 30
13 33
13 35
13 36
13 37
13 38
13 40
13 43
13 45
13 46
13 47
13 52
13 53
13 54
13 55
13 58
13 59
13 60
13 61
13 62
13 63
13 64
13 65
13 66
13 70
13 71
13 73
14 5
14 6
14 7
14 12
14 13
14 16
14 18
14 19
14 20
14 21
14 25
14 27
14 28
14 29
14 33
14 34
14 35
14 36
14 37
14 38
14 40
14 42
14 45
14 47
14 48
14 50
14 55
14 57
14 58
14 59
14 60
14 61
14 64
14 68
14 69
14 70
14 73
15 0
15 5
15 9
15 10
15 12
15 15
15 16
15 21
15 23
15 24
15 28
15 29
15 32
15 34
15 37
15 39
15 40
15 42
15 44
15 45
15 46
15 47
15 49
15 52
15 54
15 56
15 60
15 63
15 64
15 66
15 67
15 70
16 0
16 1
16 2
16 8
16 10
16 11
16 13
16 17
16 18
16 19
16 20
16 21
16 23
16 24
16 25
16 26
16 28
16 30
16 34
16 35
16 36
16 37
16 38
16 39
16 40
16 42
16 43
16 47
16 49
16 52
16 54
16 55
16 56
16 57
16 60
16 61
16 62
16 63
16 64
16 65
16 66
16 68
16 69
16 70
17 4
17 5
17 9
17 11
17 13
17 15
17 16
17 18
17 20
17 22
17 26
17 33
17 35
17 36
17 37
17 44
17 45
17 47
17 57
17 61
17 64
17 67
17 72
17 73
18 0
18 1
18 2
18 4
18 11
18 14
18 15
18 16
18 18
18 19
18 22
18 23
18 24
18 25
18 26
18 27
18 29
18 30
18 31
18 32
18 35
18 37
18 39
18 41
18 42
18 43
18 46
18 48
18 50
18 54
18 55
18 56
18 57
18 68
18 69
18 70
18 72
18 74
19 0
19 2
19 4
19 9
19 10
19 13
19 15
19 16
19 17
19 20
19 21
19 22
19 25
19 28
19 29
19 33
19 36
19 37
19 38
19 43
19 48
19 53
19 54
19 56
19 57
19 59
19 60
19 64
19 65
19 67
19 68
19 70
19 71
19 73
20 0
20 2
20 5
20 6
20 9
20 10
20 12
20 15
20 16
20 17
20 19
20 20
20 22
20 24
20 26
20 28
20 30
20 31
20 32
20 35
20 36
20 41
20 42
20 43
20 44
20 49
20 50
20 52
20 54
20 55
20 56
20 60
20 61
20 62
20 63
20 64
20 73
20 74
21 0
21 2
21 6
21 10
21 11
21 14
21 15
21 17
21 18
21 19
21 20
21 21
21 22
21 25
21 26
21 30
21 32
21 34
21 35
21 38
21 41
21 45
21 48
21 51
21 57
21 60
21 65
21 71
21 72
21 73
22 1
22 2
22 3
22 8
22 9
22 10
22 11
22 12
22 14
22 17
22 19
22 21
22 22
22 24
22 26
22 27
22 31
22 33
22 35
22 36
22 40
22 44
22 46
22 48
22 50
22 51
22 53
22 56
22 58
22 59
22 60
22 61
22 62
22 63
22 67
22 74
23 1
23 2
23 4
23 5
23 8
23 9
23 10
23 11
23 15
23 16
23 17
23 22
23 23
23 24
23 25
23 27
23 29
23 30
23 37
23 39
23 40
23 41
23 45
23 47
23 50
23 51
23 52
23 54
23 58
23 59
23 62
23 64
23 66
23 68
23 69
23 70
23 71
23 72
23 74
24 0
24 5
24 6
24 7
24 11
24 13
24 15
24 16
24 19
24 20
24 21
24 22
24 23
24 24
24 25
24 27
24 28
24 29
24 30
24 34
24 36
24 38
24 40
24 41
24 42
24 43
24 48
24 49
24 52
24 55
24 56
24 62
24 63
24 64
24 66
24 68
24 70
24 71
24 73
24 74
25 2
25 4
25 6
25 8
25 11
25 14
25 15
25 17
25 18
25 21
25 22
25 24
25 25
25 26
25 28
25 30
25 31
25 33
25 34
25 36
25 38
25 39
25 42
25 43
25 44
25 45
25 46
25 47
25 50
25 51
25 52
25 53
25 55
25 57
25 58
25 59
25 60
25 61
25 62
25 66
25 67
25 70
25 71
25 72
25 73
26 3
26 4
26 5
26 6
26 9
26 11
26 15
26 19
26 20
26 21
26 24
26 26
26 27
26 28
26 30
26 32
26 33
26 40
26 41
26 42
26 44
26 48
26 52
26 57
26 59
26 64
26 65
26 66
26 67
26 68
26 69
26 71
26 72
27 1
27 2
27 3
27 4
27 5
27 7
27 8
27 9
27 10
27 12
27 14
27 15
27 16
27 17
27 18
27 21
27 22
27 24
27 27
27 30
27 31
27 33
27 35
27 39
27 40
27 41
27 42
27 44
27 45
27 50
27 54
27 56
27 59
27 60
27 61
27 64
27 65
27 67
27 68
27 72
28 1
28 2
28 4
28 8
28 12
28 15
28 16
28 18
28 19
28 21
28 22
28 23
28 24
28 28
28 29
28 30
28 31
28 34
28 35
28 38
28 40
28 41
28 42
28 43
28 46
28 48
28 50
28 56
28 57
28 58
28 60
28 63
28 64
28 65
28 66
28 70
29 2
29 5
29 8
29 11
29 12
29 14
29 18
29 20
29 22
29 23
29 24
29 27
29 28
29 32
29 33
29 38
29 40
29 41
29 42
29 43
29 47
29 48
29 50
29 51
29 52
29 54
29 56
29 57
29 59
29 62
29 66
29 67
29 71
30 2
30 6
30 10
30 11
30 12
30 16
30 19
30 21
30 22
30 24
30 25
30 27
30 28
30 29
30 30
30 32
30 33
30 34
30 36
30 37
30 39
30 40
30 41
30 44
30 46
30 47
30 48
30 49
30 50
30 51
30 54
30 56
30 58
30 64
30 66
30 69
30 71
30 72
31 2
31 3
31 6
31 7
31 9
31 10
31 11
31 13
31 14
31 15
31 18
31 19
31 20
31 22
31 23
31 24
31 28
31 30
31 32
31 35
31 37
31 41
31 42
31 43
31 44
31 45
31 46
31 47
31 48
31 53
31 54
31 55
31 61
31 63
31 64
31 65
31 66
31 67
31 68
31 71
31 73
32 0
32 3
32 5
32 8
32 10
32 11
32 12
32 18
32 20
32 21
32 26
32 27
32 30
32 32
32 33
32 34
32 36
32 40
32 41
32 42
32 43
32 45
32 47
32 50
32 53
32 54
32 56
32 57
32 61
32 64
32 65
32 66
32 69
32 70
33 7
33 8
33 9
33 12
33 13
33 15
33 20
33 21
33 23
33 25
33 33
33 34
33 35
33 36
33 37
33 40
33 42
33 46
33 48
33 49
33 50
33 51
33 58
33 59
33 60
33 64
33 66
33 68
33 69
33 70
33 72
33 73
34 0
34 4
34 6
34 8
34 9
34 11
34 13
34 15
34 16
34 17
34 18
34 21
34 24
34 25
34 26
34 27
34 29
34 32
34 33
34 34
34 39
34 40
34 41
34 44
34 46
34 55
34 56
34 57
34 58
34 60
34 61
34 63
34 64
34 65
34 67
34 68
34 71
34 72
34 73
34 74
35 0
35 8
35 9
35 10
35 11
35 13
35 15
35 17
35 18
35 19
35 21
35 22
35 26
35 28
35 31
35 32
35 36
35 37
35 39
35 40
35 42
35 45
35 46
35 47
35 51
35 54
35 55
35 57
35 58
35 59
35 61
35 63
35 66
35 68
35 70
35 71
35 72
35 73
36 0
36 1
36 3
36 4
36 9
36 13
36 14
36 16
36 17
36 18
36 20
36 21
36 22
36 24
36 28
36 29
36 30
36 31
36 32
36 33
36 35
36 36
36 37
36 42
36 43
36 50
36 59
36 62
36 63
36 64
36 65
36 66
36 67
36 69
36 70
36 73
37 2
37 7
37 8
37 13
37 14
37 18
37 19
37 20
37 21
37 27
37 31
37 32
37 35
37 36
37 38
37 43
37 44
37 45
37 48
37 49
37 50
37 51
37 52
37 53
37 54
37 55
37 56
37 59
37 60
37 66
37 67
37 68
37 69
37 71
38 6
38 7
38 10
38 11
38 12
38 15
38 16
38 17
38 18
38 19
38 20
38 22
38 23
38 24
38 25
38 26
38 28
38 29
38 30
38 31
38 32
38 35
38 38
38 39
38 41
38 44
38 45
38 48
38 49
38 52
38 53
38 55
38 57
38 60
38 61
38 63
38 67
38 68
38 70
38 71
38 72
39 0
39 2
39 3
39 4
39 5
39 8
39 9
39 11
39 12
39 14
39 15
39 16
39 19
39 22
39 23
39 24
39 25
39 27
39 32
39 37
39 40
39 41
39 44
39 45
39 46
39 47
39 48
39 49
39 53
39 54
39 59
39 62
39 63
39 65
39 67
39 68
39 69
39 70
39 72
40 0
40 5
40 8
40 9
40 10
40 11
40 18
40 19
40 26
40 27
40 31
40 32
40 33
40 37
40 38
40 39
40 41
40 44
40 45
40 47
40 52
40 55
40 56
40 58
40 59
40 60
40 61
40 62
40 64
40 65
40 66
40 67
40 68
40 69
40 70
40 71
40 72
40 73
41 0
41 1
41 4
41 5
41 7
41 8
41 10
41 11
41 12
41 15
41 16
41 17
41 21
41 22
41 25
41 29
41 31
41 32
41 37
41 38
41 39
41 42
41 43
41 44
41 47
41 48
41 51
41 52
41 53
41 54
41 56
41 59
41 60
41 61
41 65
41 66
41 67
41 71
41 73
41 74
42 0
42 1
42 2
42 5
42 7
42 11
42 14
42 15
42 19
42 20
42 22
42 25
42 31
42 32
42 37
42 40
42 43
42 44
42 45
42 48
42 55
42 56
42 59
42 60
42 64
42 67
42 69
42 73
43 1
43 3
43 4
43 7
43 8
43 9
43 11
43 12
43 13
43 17
43 19
43 20
43 21
43 22
43 24
43 25
43 27
43 28
43 29
43 32
43 33
43 34
43 39
43 41
43 43
43 46
43 47
43 48
43 50
43 51
43 55
43 56
43 57
43 59
43 63
43 67
43 69
43 73
43 74
44 2
44 8
44 10
44 11
44 14
44 15
44 16
44 17
44 18
44 19
44 21
44 22
44 24
44 26
44 27
44 28
44 31
44 33
44 34
44 35
44 36
44 37
44 38
44 40
44 41
44 42
44 44
44 45
44 46
44 47
44 50
44 52
44 53
44 54
44 59
44 63
44 64
44 65
44 69
44 72
44 73
45 3
45 6
45 9
45 10
45 13
45 14
45 15
45 19
45 20
45 21
45 22
45 23
45 24
45 25
45 26
45 29
45 30
45 32
45 34
45 36
45 37
45 40
45 41
45 42
45 43
45 45
45 46
45 49
45 52
45 54
45 55
45 57
45 58
45 60
45 65
45 66
45 67
45 68
45 70
45 72
45 74
46 0
46 1
46 3
46 5
46 6
46 10
46 11
46 13
46 14
46 15
46 17
46 18
46 23
46 28
46 30
46 31
46 32
46 34
46 35
46 36
46 41
46 42
46 43
46 48
46 53
46 56
46 59
46 60
46 64
46 71
46 73
46 74
47 0
47 1
47 2
47 3
47 4
47 5
47 7
47 8
47 11
47 13
47 16
47 17
47 18
47 19
47 20
47 21
47 22
47 24
47 25
47 27
47 28
47 29
47 31
47 36
47 38
47 40
47 44
47 45
47 48
47 49
47 52
47 53
47 54
47 56
47 59
47 65
47 66
47 69
47 71
48 1
48 9
48 12
48 13
48 14
48 16
48 17
48 22
48 23
48 24
48 25
48 28
48 30
48 33
48 34
48 36
48 39
48 42
48 44
48 48
48 49
48 50
48 52
48 53
48 55
48 58
48 61
48 62
48 63
48 64
48 68
48 70
48 71
48 72
49 2
49 4
49 5
49 6
49 7
49 9
49 10
49 15
49 17
49 18
49 19
49 20
49 21
49 23
49 24
49 25
49 26
49 28
49 29
49 34
49 36
49 37
49 40
49 47
49 48
49 49
49 51
49 52
49 53
49 55
49 65
49 66
49 68
49 69
49 70
49 72
49 73
49 74
50 1
50 2
50 5
50 6
50 12
50 14
50 15
50 16
50 18
50 26
50 30
50 33
50 34
50 38
50 39
50 42
50 45
50 49
50 51
50 52
50 54
50 57
50 61
50 62
50 63
50 64
50 67
50 69
50 71
50 73
51 1
51 3
51 4
51 6
51 7
51 9
51 10
51 12
51 14
51 17
51 23
51 26
51 29
51 30
51 32
51 34
51 35
51 40
51 41
51 43
51 47
51 48
51 52
51 53
51 55
51 57
51 58
51 69
51 71
51 72
51 74
52 1
52 2
52 3
52 4
52 7
52 8
52 12
52 13
52 15
52 17
52 19
52 20
52 21
52 23
52 24
52 32
52 33
52 34
52 35
52 37
52 43
52 45
52 46
52 48
52 49
52 52
52 54
52 55
52 57
52 58
52 59
52 61
52 62
52 65
52 67
52 69
52 70
53 2
53 3
53 4
53 6
53 8
53 10
53 11
53 12
53 13
53 14
53 15
53 17
53 19
53 22
53 26
53 28
53 32
53 37
53 42
53 45
53 46
53 47
53 50
53 51
53 55
53 57
53 58
53 59
53 62
53 63
53 64
53 66
53 67
53 70
53 71
54 0
54 1
54 5
54 6
54 8
54 10
54 12
54 14
54 15
54 16
54 17
54 18
54 20
54 21
54 23
54 24
54 26
54 30
54 32
54 33
54 34
54 37
54 41
54 42
54 44
54 47
54 49
54 50
54 51
54 52
54 53
54 56
54 62
54 63
54 67
54 68
54 69
54 70
54 71
54 72
54 74
55 1
55 5
55 8
55 9
55 10
55 12
55 13
55 14
55 15
55 17
55 18
55 22
55 23
55 25
55 26
55 27
55 28
55 31
55 32
55 33
55 34
55 35
55 36
55 38
55 39
55 42
55 44
55 49
55 51
55 52
55 53
55 56
55 59
55 61
55 62
55 63
55 68
55 69
55 70
55 71
55 73
56 3
56 5
56 6
56 7
56 8
56 9
56 11
56 12
56 13
56 14
56 16
56 17
56 19
56 21
56 22
56 23
56 24
56 27
56 32
56 40
56 42
56 43
56 46
56 47
56 49
56 50
56 51
56 52
56 54
56 55
56 56
56 58
56 59
56 61
56 64
56 67
56 70
56 71
56 73
57 1
57 2
57 3
57 7
57 9
57 10
57 12
57 13
57 15
57 17
57 18
57 20
57 22
57 24
57 25
57 26
57 29
57 30
57 31
57 36
57 38
57 39
57 43
57 44
57 49
57 50
57 51
57 54
57 55
57 56
57 59
57 61
57 63
57 64
57 65
57 66
57 67
57 68
57 69
57 73
57 74
58 1
58 4
58 10
58 14
58 15
58 21
58 26
58 29
58 30
58 32
58 35
58 36
58 37
58 38
58 39
58 40
58 41
58 43
58 47
58 49
58 50
58 51
58 52
58 53
58 55
58 56
58 58
58 59
58 62
58 68
58 73
59 0
59 1
59 3
59 5
59 8
59 9
59 10
59 11
59 13
59 15
59 18
59 26
59 29
59 31
59 32
59 33
59 34
59 39
59 40
59 42
59 43
59 44
59 45
59 48
59 50
59 52
59 53
59 54
59 60
59 62
59 64
59 65
59 69
59 73
59 74
60 0
60 1
60 2
60 4
60 6
60 9
60 10
60 12
60 19
60 20
60 22
60 23
60 25
60 26
60 28
60 29
60 32
60 34
60 35
60 36
60 37
60 38
60 39
60 41
60 44
60 45
60 46
60 48
60 49
60 50
60 52
60 53
60 54
60 57
60 59
60 61
60 62
60 63
60 64
60 67
60 69
60 70
60 71
60 72
61 1
61 2
61 3
61 5
61 6
61 9
61 10
61 11
61 12
61 17
61 20
61 21
61 22
61 23
61 24
61 29
61 32
61 34
61 35
61 41
61 42
61 43
61 44
61 45
61 47
61 52
61 53
61 55
61 56
61 59
61 60
61 62
61 63
61 64
61 65
61 66
61 68
61 69
61 71
61 72
61 74
62 2
62 5
62 10
62 11
62 17
62 19
62 24
62 25
62 26
62 27
62 28
62 29
62 30
62 33
62 34
62 37
62 39
62 45
62 46
62 47
62 48
62 49
62 50
62 51
62 53
62 57
62 61
62 63
62 68
62 72
62 73
63 0
63 4
63 7
63 8
63 10
63 11
63 13
63 17
63 19
63 20
63 21
63 22
63 23
63 24
63 26
63 29
63 30
63 37
63 42
63 44
63 49
63 50
63 51
63 56
63 58
63 61
63 62
63 69
63 71
63 72
63 73
64 1
64 4
64 6
64 8
64 10
64 11
64 12
64 16
64 17
64 18
64 19
64 22
64 24
64 29
64 32
64 33
64 37
64 38
64 40
64 43
64 44
64 46
64 48
64 50
64 51
64 53
64 54
64 56
64 58
64 60
64 61
64 63
64 67
64 71
64 72
64 73
64 74
65 0
65 3
65 4
65 5
65 8
65 11
65 12
65 15
65 19
65 21
65 22
65 29
65 30
65 32
65 34
65 38
65 41
65 43
65 45
65 48
65 54
65 60
65 61
65 62
65 67
65 69
65 71
65 73
66 0
66 1
66 4
66 5
66 6
66 9
66 11
66 12
66 17
66 20
66 22
66 23
66 26
66 30
66 34
66 38
66 42
66 43
66 48
66 49
66 51
66 57
66 61
66 69
66 70
66 71
66 72
67 0
67 2
67 7
67 10
67 14
67 15
67 17
67 19
67 20
67 21
67 22
67 23
67 24
67 25
67 26
67 29
67 30
67 31
67 32
67 34
67 35
67 36
67 39
67 40
67 41
67 42
67 44
67 45
67 46
67 48
67 49
67 51
67 52
67 53
67 55
67 58
67 61
67 63
67 67
67 69
67 72
67 74
68 1
68 2
68 3
68 4
68 5
68 7
68 11
68 19
68 20
68 21
68 23
68 25
68 26
68 31
68 34
68 36
68 38
68 40
68 43
68 45
68 46
68 48
68 49
68 51
68 52
68 54
68 55
68 57
68 59
68 63
68 66
68 67
68 69
68 71
68 73
68 74
69 3
69 5
69 6
69 9
69 11
69 14
69 15
69 16
69 17
69 18
69 23
69 24
69 25
69 26
69 27
69 28
69 35
69 37
69 39
69 40
69 45
69 46
69 47
69 48
69 50
69 51
69 52
69 53
69 54
69 55
69 56
69 58
69 60
69 61
69 64
69 65
69 66
69 67
69 74
70 0
70 2
70 4
70 5
70 8
70 9
70 11
70 12
70 13
70 16
70 17
70 18
70 20
70 22
70 24
70 26
70 31
70 32
70 34
70 37
70 38
70 40
70 41
70 42
70 44
70 46
70 47
70 48
70 49
70 54
70 55
70 56
70 58
70 61
70 65
70 70
70 72
70 73
70 74
71 2
71 4
71 5
71 7
71 9
71 11
71 15
71 16
71 19
71 20
71 21
71 23
71 25
71 27
71 28
71 33
71 35
71 36
71 37
71 39
71 40
71 43
71 47
71 48
71 52
71 53
71 57
71 58
71 60
71 61
71 62
71 63
71 65
71 66
71 67
71 68
71 69
71 71
71 72
71 73
71 74
72 0
72 1
72 2
72 4
72 5
72 6
72 7
72 9
72 11
72 13
72 15
72 16
72 17
72 18
72 20
72 23
72 25
72 26
72 27
72 28
72 29
72 30
72 32
72 35
72 37
72 38
72 39
72 45
72 46
72 50
72 51
72 52
72 53
72 54
72 56
72 58
72 59
72 62
72 64
72 66
72 67
72 68
72 69
72 70
72 71
72 72
72 74
73 0
73 2
73 4
73 8
73 10
73 11
73 12
73 13
73 17
73 21
73 22
73 24
73 26
73 28
73 37
73 38
73 39
73 42
73 43
73 44
73 45
73 50
73 52
73 55
73 56
73 60
73 61
73 62
73 64
73 66
73 67
73 68
73 69
73 70
73 72
73 74
74 0
74 7
74 12
74 13
74 14
74 16
74 22
74 28
74 31
74 32
74 34
74 35
74 38
74 40
74 43
74 47
74 48
74 49
74 50
74 54
74 55
74 57
74 59
74 61
74 65
74 66
74 67
74 68
74 72
74 74
